897
5.43454551697 8.62054729462 6.00365066528
5.42291069031 8.64630508423 6.03314495087
5.38238620758 8.66319561005 6.06032180786
5.34876728058 8.6742181778 6.0745010376
5.31391382217 8.68995475769 6.09042263031
5.27852153778 8.70404434204 6.10309839249
5.24570989609 8.71807956696 6.11525344849
5.21014165878 8.73087501526 6.12875747681
5.17317962646 8.74172115326 6.14092302322
5.13683795929 8.74943637848 6.15280580521
5.09933567047 8.75613021851 6.16258335114
5.06011104584 8.75935649872 6.1711640358
5.01760196686 8.76282501221 6.17802429199
4.9725060463 8.7667760849 6.18446159363
4.92623710632 8.76874542236 6.18804216385
4.87849473953 8.76660633087 6.18847751617
4.83667898178 8.76509666443 6.18772220612
4.79034900665 8.76917457581 6.18531990051
4.74469041824 8.77237892151 6.18146705627
4.69885873795 8.7750120163 6.17601585388
4.65296316147 8.77653503418 6.16783189774
4.60807752609 8.77435588837 6.15626859665
4.56469917297 8.77316761017 6.14284086227
4.52219438553 8.76954841614 6.12897777557
4.47567987442 8.76560974121 6.10884571075
4.43297815323 8.76077461243 6.08748006821
4.3913359642 8.75537490845 6.06330299377
4.34786081314 8.74876022339 6.03834438324
4.30822849274 8.74287033081 6.01055431366
4.27267599106 8.73720645905 5.97716093063
4.23464584351 8.7315158844 5.9442281723
4.19758653641 8.7238111496 5.91024017334
4.16429328918 8.72152900696 5.87719392776
4.12870168686 8.71986865997 5.84058046341
4.10106801987 8.71998596191 5.80200004578
4.0708527565 8.71701717377 5.76489543915
4.03842782974 8.71417140961 5.72094345093
4.00477600098 8.7123670578 5.68046855927
3.97138237953 8.71110725403 5.63587284088
3.94135689735 8.70748710632 5.59449005127
3.91244840622 8.70414352417 5.54738235474
3.88326191902 8.70242500305 5.49868631363
3.85569190979 8.69577312469 5.44553470612
3.8282699585 8.68534755707 5.39324045181
3.80527472496 8.67509078979 5.33900690079
3.78117656708 8.66281318665 5.28100013733
3.76206636429 8.65223121643 5.21926403046
3.73903608322 8.63827705383 5.15567731857
3.71872329712 8.62102413177 5.08959579468
3.70571994781 8.602643013 5.02083778381
3.69902038574 8.57897853851 4.95222377777
3.69817113876 8.56360816956 4.91704797745
3.69358634949 8.54847049713 4.87960863113
3.69450902939 8.53325748444 4.84542608261
3.70120978355 8.50444698334 4.77985095978
3.71758913994 8.47452926636 4.7156162262
3.73658370972 8.44441986084 4.65510654449
3.76069355011 8.41341590881 4.59400463104
3.77704644203 8.39747524261 4.56426000595
3.810120821 8.36831855774 4.50928974152
3.84994220734 8.34431362152 4.45822811127
3.88680458069 8.3229675293 4.40815591812
3.92718815804 8.30877494812 4.36768245697
3.97109651566 8.29799556732 4.33178663254
4.02240562439 8.28410148621 4.29902648926
4.08013629913 8.26784515381 4.2719168663
4.14076280594 8.25802993774 4.25102615356
4.20021677017 8.24918842316 4.23609685898
4.26269102097 8.24733257294 4.22475099564
4.33014774323 8.24376583099 4.21574020386
4.39686870575 8.24591732025 4.20763921738
4.47312879562 8.25045013428 4.21005821228
4.51280879974 8.2521314621 4.20864439011
4.55182027817 8.25420570374 4.21083402634
4.59101867676 8.25318717957 4.21365308762
4.66660451889 8.2545337677 4.2226266861
4.70391082764 8.2539024353 4.22819709778
4.74204015732 8.25627040863 4.23541927338
4.7784371376 8.26104736328 4.24231910706
4.81544303894 8.26051902771 4.251765728
4.88531541824 8.26158809662 4.27523708344
4.95302248001 8.25967693329 4.30338191986
5.01391935349 8.26189899445 4.33850002289
5.07069349289 8.26904392242 4.37841796875
5.12606906891 8.27483558655 4.42605447769
5.17948055267 8.27901077271 4.47653198242
5.20586919785 8.28106021881 4.50398111343
5.25469064713 8.28713226318 4.55997180939
5.28073787689 8.29084873199 4.59114837646
5.3075761795 8.29558753967 4.62358999252
5.33379650116 8.29586219788 4.65567159653
5.35884475708 8.29861450195 4.68749094009
5.38180732727 8.30342197418 4.71968746185
5.40195894241 8.306391716 4.75338935852
5.41844081879 8.30949497223 4.78790950775
5.43571853638 8.31268882751 4.82417106628
5.45106983185 8.31415176392 4.85966062546
5.46269798279 8.31635379791 4.89682006836
5.47765445709 8.31761264801 4.93244361877
5.49155139923 8.3216047287 4.96867036819
5.50778102875 8.32739448547 5.00329780579
5.53339099884 8.33153820038 5.07310438156
5.55064678192 8.33207035065 5.14268779755
5.55725193024 8.33171081543 5.2147526741
5.56154155731 8.33824920654 5.28576850891
5.55885505676 8.34615325928 5.35211610794
5.55238246918 8.34635829926 5.41960334778
5.53680038452 8.342710495 5.4869146347
5.51357841492 8.33892536163 5.55340862274
5.48378181458 8.33665180206 5.61772632599
5.45460796356 8.33045196533 5.6778345108
5.42286396027 8.31916618347 5.73190784454
5.38502788544 8.30731201172 5.78676462173
5.33982658386 8.29620075226 5.8378534317
5.28835296631 8.29049873352 5.88551235199
5.23694562912 8.2839641571 5.93488407135
5.18896150589 8.27215385437 5.98051357269
5.14169025421 8.25860309601 6.02160024643
5.08684396744 8.24310207367 6.05983829498
5.02307033539 8.23277568817 6.0953502655
4.98638248444 8.22214508057 6.11533069611
4.95179128647 8.217877388 6.13070392609
4.91563987732 8.21198177338 6.14584159851
4.87640666962 8.20447063446 6.16098451614
4.83773183823 8.19958972931 6.17233753204
4.8000125885 8.19162940979 6.18408441544
4.76192092896 8.18589019775 6.19629621506
4.7229924202 8.18097019196 6.2038640976
4.68478775024 8.1756362915 6.21294307709
4.60917472839 8.17132759094 6.22333431244
4.56662893295 8.17157649994 6.22652339935
4.52521419525 8.1719045639 6.23037910461
4.48287439346 8.17166042328 6.23050737381
4.4410533905 8.17164516449 6.23097229004
4.39765262604 8.17279052734 6.23210382462
4.35561800003 8.17387485504 6.22830104828
4.31412982941 8.17440795898 6.22480821609
4.2737698555 8.17637252808 6.22047472
4.23220348358 8.18035507202 6.21108579636
4.19221735001 8.18441677094 6.20323419571
4.15384578705 8.18790626526 6.19462776184
4.11330652237 8.19354438782 6.18251991272
4.07358455658 8.19759273529 6.17158842087
4.03767299652 8.201587677 6.15773677826
4.0004401207 8.20549583435 6.14864587784
3.96276021004 8.2089176178 6.13460445404
3.9255759716 8.2133140564 6.12046194077
3.89101266861 8.2180480957 6.10235309601
3.85726428032 8.22194671631 6.08510494232
3.82278060913 8.22229576111 6.06711196899
3.78847837448 8.22328186035 6.04553747177
3.75521373749 8.22401332855 6.02630138397
3.69946837425 8.22492980957 5.98371219635
3.65069651604 8.220038414 5.93643712997
3.60815668106 8.21945476532 5.88452625275
3.56876802444 8.21827030182 5.82616901398
3.53845858574 8.21969604492 5.76508998871
3.51797819138 8.21382713318 5.70175886154
3.49964380264 8.20454978943 5.6393122673
3.49094343185 8.1868391037 5.57352161407
3.4854516983 8.16286945343 5.5099439621
3.48169088364 8.13791465759 5.44407320023
3.4781229496 8.11654663086 5.37579345703
3.47803092003 8.10631561279 5.33784914017
3.48157143593 8.09266376495 5.30278587341
3.48664665222 8.07670593262 5.26800727844
3.49408268929 8.05978012085 5.23545360565
3.50058102608 8.04425430298 5.20017147064
3.50885510445 8.02622032166 5.1657128334
3.51711654663 8.00611209869 5.12994813919
3.52754473686 7.98677635193 5.09372663498
3.53661584854 7.96823072433 5.05850076675
3.54676699638 7.94834899902 5.02328920364
3.55787277222 7.92762470245 4.98865318298
3.56944584846 7.90811109543 4.95381069183
3.582477808 7.88869428635 4.91873216629
3.60014009476 7.86694812775 4.88737106323
3.61856341362 7.84581899643 4.8555226326
3.6418607235 7.82039356232 4.82693767548
3.66854810715 7.79581642151 4.79704475403
3.69316148758 7.77294921875 4.76843643188
3.72187137604 7.7473950386 4.74345016479
3.74921584129 7.72252559662 4.71862316132
3.77762293816 7.69653129578 4.69454908371
3.80722975731 7.6710729599 4.67181253433
3.83732295036 7.64704179764 4.64880371094
3.87070608139 7.62394046783 4.62870883942
3.90887117386 7.60078859329 4.61274290085
3.95026898384 7.57773303986 4.59359407425
3.98823022842 7.55561447144 4.57575368881
4.02801322937 7.53449726105 4.5595664978
4.06932067871 7.5149064064 4.54344177246
4.10839557648 7.49648952484 4.52899551392
4.14779376984 7.47769784927 4.51662015915
4.18521118164 7.45791387558 4.50439834595
4.22319078445 7.44053554535 4.49210691452
4.26188516617 7.42113542557 4.48057413101
4.29978132248 7.4044752121 4.47103404999
4.34049510956 7.39124011993 4.46129131317
4.38203811646 7.37356567383 4.45101881027
4.42402935028 7.35701847076 4.4412484169
4.46626615524 7.34272575378 4.43285036087
4.50900650024 7.32800722122 4.42661094666
4.55385351181 7.31239128113 4.4166932106
4.59476470947 7.29846382141 4.41100788116
4.63684749603 7.28305101395 4.40672969818
4.67924165726 7.26856613159 4.40238285065
4.72116231918 7.25605487823 4.39971351624
4.76358509064 7.24225091934 4.39783287048
4.8035826683 7.22495746613 4.39900684357
4.84457874298 7.20982027054 4.40063667297
4.88405323029 7.19158840179 4.40362501144
4.92146921158 7.17429876328 4.40867137909
4.95764303207 7.1601228714 4.41555309296
4.99423551559 7.14198684692 4.42339420319
5.02747154236 7.12517213821 4.43494844437
5.06085395813 7.10964632034 4.44596767426
5.09432601929 7.09216403961 4.46005630493
5.12644100189 7.07670688629 4.47488307953
5.15884780884 7.0643863678 4.49811267853
5.18946266174 7.04917812347 4.51667261124
5.21907615662 7.03718090057 4.53823947906
5.24569320679 7.02872943878 4.56411457062
5.28664541245 7.00461864471 4.61721134186
5.32432031631 6.98609256744 4.67161226273
5.36519050598 6.96916055679 4.7352142334
5.38430261612 6.9610118866 4.76646852493
5.40021324158 6.95231676102 4.80018186569
5.41401147842 6.94307804108 4.83519506454
5.43250799179 6.92749786377 4.90537309647
5.44326114655 6.91009569168 4.97705554962
5.44543933868 6.89908075333 5.01547908783
5.45057010651 6.8899846077 5.05292320251
5.4535779953 6.87897872925 5.09169006348
5.45550107956 6.87015724182 5.13098669052
5.45620393753 6.86340045929 5.17082738876
5.45892047882 6.85594797134 5.21377658844
5.45321893692 6.84854602814 5.25576353073
5.44749355316 6.8399772644 5.29658794403
5.43849658966 6.82984733582 5.33451366425
5.43184995651 6.82127857208 5.37368869781
5.42601537704 6.81239700317 5.41515636444
5.41645336151 6.80453968048 5.45556545258
5.40936899185 6.79947137833 5.49434185028
5.40122032166 6.79710769653 5.53380012512
5.39186525345 6.79330348969 5.57290935516
5.37828874588 6.79159545898 5.60947036743
5.364341259 6.79190540314 5.64463663101
5.34576940536 6.79190587997 5.67896747589
5.32803583145 6.7910284996 5.7144947052
5.30984926224 6.79113435745 5.74774169922
5.26884317398 6.79112863541 5.80857849121
5.21829080582 6.7896900177 5.86285495758
5.18752002716 6.79357004166 5.88904094696
5.15948820114 6.80078601837 5.91418552399
5.1310005188 6.80759143829 5.93821430206
5.09945392609 6.81713581085 5.96019744873
5.03961467743 6.83047008514 6.00054979324
4.97657060623 6.8464679718 6.03044080734
4.94359588623 6.85370731354 6.04658794403
4.90944623947 6.86328601837 6.0601811409
4.87490081787 6.87601518631 6.07149505615
4.84106683731 6.88562774658 6.08394813538
4.77107810974 6.9097571373 6.10072660446
4.70528841019 6.93300533295 6.11426591873
4.63972234726 6.95764017105 6.1253528595
4.57187604904 6.9769821167 6.12789535522
4.50799512863 6.99233627319 6.12686538696
4.44489431381 7.00528049469 6.12234115601
4.3820233345 7.01280164719 6.11186504364
4.32415151596 7.02227640152 6.09474372864
4.27045917511 7.03306722641 6.07087659836
4.22633361816 7.038854599 6.04405832291
4.18486070633 7.04103708267 6.0119934082
4.14099597931 7.04049015045 5.97353172302
4.09226131439 7.03569221497 5.9297747612
4.05331087112 7.03175163269 5.88165283203
4.01823139191 7.02853012085 5.83043336868
3.98775553703 7.01872634888 5.77416324615
3.95465087891 7.00275945663 5.71258735657
3.93468260765 6.99581861496 5.67687749863
3.91717553139 6.98715925217 5.6437625885
3.90313816071 6.98279666901 5.60880613327
3.87928676605 6.97682094574 5.54324102402
3.86288690567 6.96777248383 5.47420215607
3.84808897972 6.95843696594 5.4015994072
3.83400225639 6.95075035095 5.32799768448
3.82764148712 6.94844770432 5.29058408737
3.82612943649 6.94700193405 5.21693706512
3.83584213257 6.94118022919 5.14389514923
3.84342241287 6.93793344498 5.1072268486
3.85082745552 6.93427610397 5.07009983063
3.86629009247 6.92948579788 5.00159645081
3.89060974121 6.92897891998 4.93343257904
3.92431855202 6.92736339569 4.86429357529
3.94467878342 6.92597436905 4.83200120926
3.9693274498 6.9253487587 4.79729366302
3.99222373962 6.9226975441 4.76438617706
4.01487350464 6.9199757576 4.73262500763
4.04158353806 6.91602182388 4.7010717392
4.06978797913 6.91039943695 4.67027902603
4.09765911102 6.90691900253 4.63901472092
4.13112068176 6.90405464172 4.61016941071
4.16635274887 6.90091228485 4.58257579803
4.20477294922 6.89765644073 4.55722427368
4.24253988266 6.89220952988 4.53033399582
4.28069210052 6.88523054123 4.50340604782
4.31668186188 6.87749624252 4.47475624084
4.35247659683 6.8671631813 4.44885540009
4.38804626465 6.85940790176 4.42277860641
4.4256811142 6.85369682312 4.39885044098
4.46264839172 6.84859991074 4.37377405167
4.50059270859 6.8454875946 4.35333204269
4.54386568069 6.84050941467 4.33400535583
4.58746814728 6.83576011658 4.31182336807
4.6294260025 6.83088254929 4.29309797287
4.67075872421 6.82634544373 4.27759695053
4.70920324326 6.8213224411 4.26028680801
4.74509620667 6.81758594513 4.24529981613
4.77995443344 6.81215810776 4.23206758499
4.81517410278 6.80556344986 4.21894407272
4.88278770447 6.79087734222 4.202085495
4.95098638535 6.78257417679 4.19105577469
5.01260089874 6.7745218277 4.18624973297
5.06923437119 6.76809215546 4.18821144104
5.12063121796 6.76370859146 4.19807338715
5.17171764374 6.76875209808 4.21403264999
5.22065353394 6.77792930603 4.24192380905
5.26377105713 6.79161024094 4.27087211609
5.2992181778 6.79767608643 4.30616903305
5.32841968536 6.79887104034 4.34303379059
5.34876728058 6.80207252502 4.38578557968
5.36273193359 6.80821228027 4.43464803696
5.36170434952 6.81560230255 4.48690223694
5.35886049271 6.82427930832 4.53985881805
5.34751367569 6.83131217957 4.59472703934
5.33310508728 6.84295558929 4.65222454071
5.30678033829 6.8552904129 4.7137169838
5.27600574493 6.8702750206 4.77704572678
5.24066734314 6.88666343689 4.84147691727
5.20561218262 6.90175962448 4.90294075012
5.16861534119 6.91392993927 4.96383953094
5.12517738342 6.92667007446 5.02248573303
5.1022939682 6.93576860428 5.05121612549
5.07890748978 6.94778680801 5.08181190491
5.05402183533 6.95959472656 5.11087703705
5.02732944489 6.97304201126 5.1401052475
5.00305461884 6.9859623909 5.16746711731
4.97843122482 6.99864006042 5.19440841675
4.92823696136 7.02757072449 5.24283361435
4.89823389053 7.0433177948 5.26616001129
4.86621189117 7.05911684036 5.28824996948
4.83441734314 7.07529592514 5.30934429169
4.79980039597 7.09325695038 5.3289308548
4.76297187805 7.11135292053 5.34766197205
4.72700548172 7.12881565094 5.3640203476
4.69167089462 7.1468539238 5.38009929657
4.65408182144 7.16589689255 5.3962521553
4.61729383469 7.18629407883 5.4079875946
4.58112335205 7.20783948898 5.41874217987
4.54866552353 7.22727870941 5.42748451233
4.51315307617 7.25052928925 5.43435144424
4.47699928284 7.27024030685 5.43898487091
4.44025278091 7.29047393799 5.44260215759
4.4039106369 7.31222915649 5.44443130493
4.36677312851 7.33322429657 5.44551849365
4.33121490479 7.35354185104 5.44442176819
4.29581260681 7.37400722504 5.44098949432
4.26175498962 7.39461898804 5.43660402298
4.20193862915 7.43170642853 5.42236804962
4.14489412308 7.46973085403 5.40457820892
4.0914182663 7.50980091095 5.37977409363
4.04602956772 7.5504617691 5.35225391388
4.00377178192 7.58998775482 5.31843662262
3.96977233887 7.62790441513 5.28341817856
3.94177532196 7.66368865967 5.23924827576
3.9162466526 7.69922304153 5.19146442413
3.90403628349 7.73212718964 5.14289617538
3.90069580078 7.76323223114 5.0910615921
3.90617799759 7.79596996307 5.03624391556
3.91326880455 7.82626676559 4.98244190216
3.92875146866 7.84744262695 4.92786216736
3.95364189148 7.86713695526 4.87088012695
3.9859919548 7.89196443558 4.81666374207
4.02320337296 7.91468143463 4.76619052887
4.0655002594 7.93512582779 4.71437692642
4.11773729324 7.94699382782 4.66673135757
4.14707374573 7.95279121399 4.64316606522
4.17820549011 7.95770263672 4.62111711502
4.21248435974 7.96185493469 4.60288953781
4.27848243713 7.96333789825 4.56765604019
4.31298208237 7.95934486389 4.55235433578
4.34728860855 7.95827770233 4.53608703613
4.3835682869 7.95408058167 4.52377891541
4.41929388046 7.94822502136 4.51168012619
4.48872470856 7.93187427521 4.49187803268
4.52563333511 7.92206192017 4.48425579071
4.56118965149 7.90701675415 4.47972393036
4.60127735138 7.89367389679 4.47429084778
4.64292955399 7.87553071976 4.47178697586
4.68540477753 7.85944461823 4.46681070328
4.72717523575 7.84104919434 4.46481800079
4.76910209656 7.82453584671 4.4628777504
4.80803537369 7.80166625977 4.46396684647
4.84734344482 7.78146839142 4.46553564072
4.88325500488 7.76228475571 4.46658086777
4.92066049576 7.74367904663 4.46760559082
4.95731496811 7.72491645813 4.47088670731
4.99055767059 7.70721006393 4.47586727142
5.02313327789 7.68809080124 4.48074007034
5.05572891235 7.66806697845 4.48857307434
5.08562135696 7.64714622498 4.49623966217
5.14006185532 7.60690689087 4.5140004158
5.18724441528 7.56939315796 4.53739833832
5.22651672363 7.53531169891 4.56465053558
5.26354885101 7.50242805481 4.60015964508
5.29340744019 7.47288274765 4.63934898376
5.3098654747 7.45182037354 4.68733215332
5.32452392578 7.43502521515 4.73877906799
5.33154201508 7.42489814758 4.79479598999
5.33083677292 7.42126178741 4.85369825363
5.32350301743 7.41784858704 4.9158873558
5.30833530426 7.4172296524 4.97888278961
5.28139543533 7.42999744415 5.04381275177
5.24523353577 7.44849920273 5.10424995422
5.20358514786 7.46501922607 5.16241264343
5.15773057938 7.47610616684 5.21711444855
5.10392189026 7.48779058456 5.26428747177
5.04520940781 7.50668096542 5.30559778214
4.98898220062 7.52889919281 5.343998909
4.92545366287 7.55024719238 5.37010240555
4.8907995224 7.5599193573 5.38078546524
4.82162189484 7.57742643356 5.39899778366
4.78522729874 7.58659267426 5.40498352051
4.71898698807 7.60415267944 5.40962648392
4.65746355057 7.62546157837 5.40946578979
4.59703302383 7.64517354965 5.39811134338
4.53483343124 7.66271209717 5.37980318069
4.47442150116 7.67794799805 5.35273265839
4.41031551361 7.69999885559 5.31978559494
4.38019371033 7.71200370789 5.29972743988
4.35022163391 7.72587585449 5.27581119537
4.32366466522 7.73691558838 5.25116825104
4.29747629166 7.74776411057 5.22509145737
4.24775409698 7.77097225189 5.1719288826
4.22347640991 7.78096103668 5.14081525803
4.20087242126 7.79174423218 5.10798931122
4.18336772919 7.80035591125 5.07168245316
4.16462516785 7.8109703064 5.03680706024
4.14636898041 7.8213634491 5.0028424263
4.13179302216 7.83084154129 4.96444177628
4.11749696732 7.84074735641 4.92594909668
4.10492992401 7.85168647766 4.88594102859
4.09383392334 7.8605465889 4.84592580795
4.08635854721 7.86760425568 4.8057718277
4.08244562149 7.87501907349 4.76646232605
4.07947921753 7.87956237793 4.72637414932
4.0814871788 7.88253831863 4.68712854385
4.08280324936 7.88393545151 4.64601039886
4.09256649017 7.88572311401 4.60335206985
4.10313224792 7.88578462601 4.56321811676
4.1164765358 7.88649559021 4.52377700806
4.13263988495 7.88526105881 4.48450374603
4.14724636078 7.88337469101 4.44549179077
4.16604375839 7.87733078003 4.40766716003
4.18425941467 7.86898517609 4.37096691132
4.20718860626 7.85723733902 4.33516216278
4.23005867004 7.8469376564 4.29949140549
4.26255702972 7.83316707611 4.26729488373
4.28946018219 7.81933498383 4.23543977737
4.32072925568 7.80608177185 4.20853662491
4.34881877899 7.78983592987 4.18106746674
4.38088464737 7.7661819458 4.15875291824
4.41135692596 7.74491786957 4.13452148438
4.44518470764 7.72047996521 4.1129488945
4.47857952118 7.69617938995 4.09461307526
4.51176166534 7.67225170135 4.0762629509
4.54582548141 7.64966964722 4.06563329697
4.58224582672 7.62622594833 4.05757474899
4.61829423904 7.60569858551 4.052485466
4.6525554657 7.58607769012 4.04748868942
4.68845319748 7.56821107864 4.04812192917
4.72636270523 7.55052947998 4.05446195602
4.76247262955 7.53342247009 4.06022453308
4.79633045197 7.51537036896 4.06862068176
4.83002853394 7.49959468842 4.08028078079
4.89177274704 7.47583627701 4.10726690292
4.94483375549 7.46467351913 4.14855527878
4.99208784103 7.45700836182 4.19453191757
5.02749824524 7.44929409027 4.24819660187
5.05932855606 7.43896007538 4.30844736099
5.08980464935 7.43587779999 4.37473154068
5.1118016243 7.44850635529 4.4448094368
5.12733364105 7.46611118317 4.51427555084
5.13614416122 7.47837638855 4.58255672455
5.13877391815 7.49098682404 4.65192317963
5.13067722321 7.51519966125 4.7187833786
5.12183189392 7.5439491272 4.78450727463
5.10933494568 7.57638931274 4.84598875046
5.08400201797 7.60609579086 4.90777397156
5.0480928421 7.64093112946 4.96271038055
5.0243639946 7.66305541992 4.98837900162
5.00303268433 7.68414783478 5.01089572906
4.98255491257 7.7071146965 5.03530979156
4.95807218552 7.73121929169 5.0557756424
4.93562507629 7.75465488434 5.07886314392
4.90699148178 7.77739048004 5.09671878815
4.87585020065 7.79703330994 5.11175251007
4.84070682526 7.8141207695 5.12356328964
4.8065071106 7.82922506332 5.13688278198
4.76502799988 7.84606170654 5.14628171921
4.73076343536 7.86209535599 5.15607881546
4.69481897354 7.88225460052 5.16243743896
4.62898540497 7.91193056107 5.16876268387
4.55997371674 7.93436717987 5.16849946976
4.5235452652 7.93927192688 5.16191959381
4.45719432831 7.95154333115 5.14806365967
4.39238500595 7.9584069252 5.12511062622
4.33044433594 7.96180772781 5.09800481796
4.27171039581 7.96724796295 5.06320524216
4.21410799026 7.96797561646 5.02163791656
4.16065740585 7.96392250061 4.97837924957
4.11117172241 7.9631729126 4.92625188828
4.06252765656 7.96178770065 4.87085437775
4.03783416748 7.96162986755 4.83664512634
4.01124191284 7.96157455444 4.80257320404
3.9877808094 7.96011257172 4.7669839859
3.96354389191 7.95940971375 4.73268604279
3.94259953499 7.95809459686 4.69555187225
3.92797684669 7.95765638351 4.65879106522
3.91741847992 7.95506000519 4.619972229
3.89943647385 7.94825744629 4.54560852051
3.89185333252 7.94308137894 4.50513219833
3.88791847229 7.93857765198 4.46402931213
3.88479185104 7.93183374405 4.42381763458
3.89396715164 7.92464017868 4.38313913345
3.8989906311 7.91927289963 4.34356880188
3.91045928001 7.91042375565 4.30510091782
3.92366194725 7.90180206299 4.26664924622
3.93907165527 7.89054489136 4.23106384277
3.955098629 7.87932348251 4.192029953
3.96910667419 7.86749362946 4.1533703804
3.98667383194 7.85216999054 4.11409330368
4.00436830521 7.83486843109 4.07697629929
4.02659845352 7.81638622284 4.04174804688
4.04990625381 7.79947757721 4.00755596161
4.07432031631 7.78108501434 3.97633171082
4.10106515884 7.75942754745 3.94580459595
4.12986469269 7.73940134048 3.91662311554
4.15927839279 7.71845579147 3.88928937912
4.18932819366 7.69825077057 3.86116123199
4.22170257568 7.67404270172 3.83722186089
4.25376701355 7.65018749237 3.81407141685
4.28356552124 7.62593698502 3.79191017151
4.31630325317 7.60095596313 3.77117133141
4.3515868187 7.57409763336 3.75672459602
4.38573551178 7.54909229279 3.74420785904
4.42248439789 7.52448320389 3.73050403595
4.46173620224 7.49845123291 3.7210381031
4.50051641464 7.47416114807 3.71400928497
4.54030895233 7.44911766052 3.71092176437
4.57860374451 7.42550325394 3.70670056343
4.61767816544 7.4041390419 3.70710587502
4.6579914093 7.38268852234 3.7111017704
4.69649362564 7.36077594757 3.71633243561
4.73633527756 7.33980560303 3.72070813179
4.77333116531 7.31855010986 3.73309326172
4.81012058258 7.30034160614 3.74352121353
4.84589242935 7.28330659866 3.75842761993
4.88389635086 7.26739501953 3.77788352966
4.91930294037 7.2493724823 3.79493713379
4.95117807388 7.2365026474 3.81687259674
4.98498439789 7.22079181671 3.8391828537
5.01431179047 7.20565032959 3.86519551277
5.04754781723 7.18907928467 3.88769650459
5.08063983917 7.17059659958 3.91312861443
5.11694431305 7.14941310883 3.94178247452
5.15645217896 7.13472652435 3.97144603729
5.19572353363 7.12280702591 4.00485086441
5.23362541199 7.11875677109 4.04045820236
5.26687526703 7.11228275299 4.07382822037
5.29759883881 7.1066865921 4.10962772369
5.32512378693 7.09950399399 4.14555644989
5.35326576233 7.0899810791 4.18254899979
5.38263845444 7.08296394348 4.22388458252
5.40975761414 7.0762758255 4.26255607605
5.43341255188 7.07456064224 4.3039855957
5.45583724976 7.07538700104 4.3491024971
5.47577571869 7.07418060303 4.39086389542
5.49100971222 7.07768726349 4.43532752991
5.50592708588 7.08004713058 4.48061084747
5.5205206871 7.08379507065 4.52394866943
5.53310775757 7.08565139771 4.5677690506
5.53722190857 7.0911450386 4.61160755157
5.54378080368 7.0946764946 4.65557861328
5.54589033127 7.10077810287 4.69923591614
5.54511976242 7.10644721985 4.74218320847
5.54615926743 7.11276531219 4.78522443771
5.54119157791 7.12122392654 4.82844686508
5.53621482849 7.12873029709 4.87112140656
5.5313949585 7.13526678085 4.91251516342
5.52038002014 7.14263153076 4.95303535461
5.50664520264 7.14634990692 4.99288511276
5.48971939087 7.14908838272 5.0310177803
5.47372055054 7.1512799263 5.06899452209
5.45364332199 7.15485334396 5.10401630402
5.4302444458 7.15943050385 5.14073133469
5.41119813919 7.16163921356 5.17508411407
5.39020299911 7.16347455978 5.20672893524
5.3517537117 7.16623401642 5.266497612
5.30574560165 7.16607141495 5.32057857513
5.25799846649 7.16396713257 5.36834621429
5.20669078827 7.16417121887 5.41106271744
5.15590429306 7.16292333603 5.4508023262
5.10340929031 7.1634979248 5.48311758041
5.04312610626 7.16620635986 5.51211833954
4.97712659836 7.16607999802 5.53029584885
4.90657758713 7.16766834259 5.54293632507
4.83472585678 7.1721072197 5.55243015289
4.76175403595 7.17711830139 5.55537700653
4.68887901306 7.1853928566 5.55193328857
4.65066432953 7.18699455261 5.549284935
4.61227083206 7.19024467468 5.54239559174
4.57507658005 7.19250440598 5.53493785858
4.53843641281 7.19471549988 5.52602386475
4.50106334686 7.19797897339 5.51115226746
4.46533155441 7.20154285431 5.49975347519
4.40200424194 7.20825099945 5.47127199173
4.34499502182 7.21253633499 5.44072437286
4.29085350037 7.21684217453 5.40264797211
4.24089813232 7.22065448761 5.3608007431
4.19673061371 7.22012424469 5.31513929367
4.15654706955 7.22408103943 5.26981449127
4.12879419327 7.23547935486 5.22149610519
4.10591030121 7.25014591217 5.17155599594
4.08354854584 7.2637219429 5.11828327179
4.06107282639 7.27387619019 5.0582447052
4.04027032852 7.28600025177 4.99822998047
4.02898693085 7.2994351387 4.93529605865
4.0275053978 7.31201410294 4.86854934692
4.02248668671 7.32093143463 4.80305624008
4.02485656738 7.32624006271 4.7313785553
4.03845453262 7.3295917511 4.6650261879
4.06769943237 7.32529878616 4.59416294098
4.08322572708 7.32399511337 4.56010484695
4.11800336838 7.32214069366 4.49321699142
4.13677978516 7.31760025024 4.45905828476
4.16266441345 7.31295681 4.42772722244
4.19111347198 7.30382347107 4.39546060562
4.22132921219 7.29180908203 4.36390447617
4.25224637985 7.2818441391 4.3334274292
4.29320669174 7.27075529099 4.30371236801
4.32956123352 7.26226139069 4.2761759758
4.36880111694 7.2492723465 4.24909591675
4.40948295593 7.23649930954 4.22444009781
4.45129346848 7.22424697876 4.19939899445
4.49497413635 7.20534992218 4.17567014694
4.54069423676 7.19109487534 4.15493774414
4.58727788925 7.17833042145 4.13770866394
4.63156795502 7.16439914703 4.12036895752
4.67602682114 7.14959907532 4.10470628738
4.72017478943 7.13609886169 4.08930063248
4.76596784592 7.12442398071 4.07810497284
4.81058502197 7.11272621155 4.07009410858
4.85635995865 7.10089683533 4.06266736984
4.90189266205 7.09088802338 4.0591802597
4.94746351242 7.08077192307 4.05913448334
4.99394226074 7.07281351089 4.06102561951
5.04119825363 7.06428527832 4.06343317032
5.08943510056 7.05543136597 4.07128620148
5.13804006577 7.04702425003 4.08348035812
5.18493556976 7.03627347946 4.09606552124
5.23086309433 7.0235209465 4.11130857468
5.27585124969 7.01320552826 4.12468481064
5.32122707367 7.00509595871 4.14756917953
5.36449193954 6.99737358093 4.16819477081
5.4104924202 6.99177360535 4.19561958313
5.4541258812 6.98808956146 4.22315883636
5.49748659134 6.9866809845 4.25179672241
5.53811979294 6.98363018036 4.27954101562
5.57577562332 6.9841966629 4.31218481064
5.61319637299 6.98176145554 4.34404993057
5.6473274231 6.97824001312 4.38024187088
5.67876911163 6.97417783737 4.41718244553
5.70785808563 6.97150182724 4.45457267761
5.73840522766 6.9704823494 4.49533319473
5.75745201111 6.97110748291 4.5375213623
5.77264738083 6.97158527374 4.58041858673
5.7910528183 6.97257423401 4.62024068832
5.80525350571 6.97172355652 4.66251420975
5.81931638718 6.9695224762 4.70408010483
5.83231830597 6.96814489365 4.74541473389
5.83682537079 6.96432495117 4.788438797
5.84513568878 6.96120738983 4.82932186127
5.84492015839 6.96114730835 4.87353849411
5.83956241608 6.963306427 4.91545629501
5.83102416992 6.96539974213 4.95821428299
5.82499980927 6.96600008011 4.99943637848
5.81365776062 6.9704618454 5.04047775269
5.80097866058 6.97107219696 5.08328199387
5.78692483902 6.97195959091 5.12338399887
5.76917266846 6.97299003601 5.16253089905
5.75283956528 6.97273921967 5.20068645477
5.72552442551 6.97320556641 5.23828125
5.69906711578 6.97496843338 5.27538061142
5.67147254944 6.97715187073 5.31304311752
5.6427116394 6.9793009758 5.34704303741
5.61613607407 6.98289823532 5.38215875626
5.58779001236 6.9828915596 5.41546726227
5.55636453629 6.98459815979 5.44684362411
5.52348136902 6.9877538681 5.47786188126
5.49094295502 6.99209737778 5.50848913193
5.45276451111 6.99524927139 5.53584289551
5.41731739044 6.99767875671 5.56472063065
5.37801504135 7.0011920929 5.59284448624
5.34148931503 7.00333070755 5.62153291702
5.30043363571 7.00302124023 5.6453461647
5.26101541519 7.00549030304 5.67021465302
5.21929073334 7.00862789154 5.69121837616
5.17981004715 7.01265287399 5.71403741837
5.14016389847 7.01494121552 5.73588895798
5.09928035736 7.01901388168 5.75144100189
5.05985212326 7.02259731293 5.77101230621
5.02423667908 7.02903318405 5.78679656982
4.98568916321 7.0349407196 5.80283927917
4.94677686691 7.04192638397 5.8188252449
4.90948200226 7.04769611359 5.83108329773
4.87085342407 7.05498218536 5.84535074234
4.8297123909 7.0630979538 5.85383796692
4.78748416901 7.07050085068 5.86445236206
4.74665689468 7.07992458344 5.87010908127
4.70650243759 7.08820390701 5.87696170807
4.66609621048 7.09672498703 5.88213920593
4.62884092331 7.10474729538 5.88522720337
4.55772972107 7.11730241776 5.8860449791
4.5209608078 7.12281656265 5.87913131714
4.44909286499 7.13282060623 5.86824131012
4.37911176682 7.14250135422 5.85029125214
4.30923175812 7.14815711975 5.82049798965
4.24512290955 7.1537694931 5.78918886185
4.18362188339 7.15903949738 5.75370597839
4.12777757645 7.1604385376 5.70861911774
4.07715797424 7.16016864777 5.65581846237
4.05235242844 7.15959262848 5.62672805786
4.00858259201 7.16019248962 5.56632947922
3.98840618134 7.15897274017 5.53267002106
3.97092556953 7.15330982208 5.4984498024
3.95390748978 7.15178871155 5.46284627914
3.9375038147 7.14993667603 5.42499446869
3.92202591896 7.14575242996 5.38750457764
3.91041469574 7.14680194855 5.34715366364
3.90559053421 7.14620780945 5.30728721619
3.89759516716 7.14700889587 5.26723003387
3.8926627636 7.14543533325 5.22521686554
3.88987278938 7.14218616486 5.1830124855
3.88752794266 7.14048671722 5.13905715942
3.88624095917 7.1404094696 5.09522819519
3.89074373245 7.13841629028 5.05141067505
3.89792919159 7.13650751114 5.0071978569
3.90916848183 7.13598060608 4.96377038956
3.92383790016 7.13523674011 4.92128562927
3.93959712982 7.13268709183 4.87689733505
3.95551586151 7.13227939606 4.83423519135
3.97867393494 7.13371515274 4.79222154617
3.99882340431 7.13308429718 4.74952363968
4.02586174011 7.13631343842 4.70831489563
4.05121135712 7.14164686203 4.66843557358
4.08140087128 7.14710664749 4.63030862808
4.11266517639 7.15474700928 4.59353065491
4.14542818069 7.16549348831 4.5586771965
4.1786904335 7.17667293549 4.52294588089
4.21052932739 7.18917274475 4.48743438721
4.2437915802 7.20334100723 4.45408391953
4.28058767319 7.21726703644 4.42069339752
4.31694316864 7.23244094849 4.38955116272
4.35478782654 7.24689674377 4.36017656326
4.39284896851 7.26464939117 4.33355236053
4.43115663528 7.28311824799 4.30634975433
4.47273921967 7.30537986755 4.2848200798
4.5122833252 7.32519245148 4.25937080383
4.55020236969 7.34438323975 4.23740434647
4.58709573746 7.36390686035 4.21635723114
4.62248516083 7.3845243454 4.19730615616
4.65988874435 7.40200328827 4.17952108383
4.69689893723 7.42058181763 4.16163396835
4.73472976685 7.4388666153 4.15048265457
4.7713932991 7.45439767838 4.13560009003
4.80881309509 7.47448825836 4.13259315491
4.84438848495 7.49168586731 4.12328863144
4.90787601471 7.51828098297 4.11458492279
4.96508741379 7.53293323517 4.11371421814
5.02132225037 7.54710769653 4.12040185928
5.07175827026 7.55806493759 4.13632392883
5.11942815781 7.56639909744 4.15839099884
5.16386508942 7.569876194 4.19025087357
5.19931364059 7.5749874115 4.22841835022
5.22493886948 7.577688694 4.26977586746
5.2377986908 7.58080482483 4.3190779686
5.24838733673 7.58245563507 4.37077903748
5.25433826447 7.58383750916 4.42849063873
5.24864006042 7.58949708939 4.49043607712
5.23673009872 7.59613227844 4.55300045013
5.21776294708 7.60114574432 4.61850261688
5.1961812973 7.61223888397 4.68726396561
5.18294620514 7.61889266968 4.72156524658
5.16812992096 7.62636852264 4.75563716888
5.15141391754 7.63653755188 4.7904548645
5.13326931 7.64957523346 4.82593107224
5.11244535446 7.66083240509 4.85993146896
5.09237766266 7.67275381088 4.89470767975
5.06962776184 7.68708705902 4.92930841446
5.04577732086 7.69919300079 4.96359014511
5.02081823349 7.71281671524 4.99753808975
4.99490737915 7.72744894028 5.0313129425
4.96681118011 7.74577999115 5.0635676384
4.93682098389 7.76345491409 5.09420204163
4.90711116791 7.7811665535 5.12420654297
4.87464427948 7.80171632767 5.15158557892
4.84401226044 7.8213224411 5.1780295372
4.80939102173 7.84338855743 5.20009756088
4.77607297897 7.86713647842 5.22189998627
4.74415779114 7.891456604 5.24162054062
4.71434783936 7.91671514511 5.26213216782
4.68211364746 7.94378089905 5.27778148651
4.6521191597 7.96914577484 5.29001903534
4.62118053436 7.99509143829 5.30120801926
4.59034252167 8.02132034302 5.31230545044
4.55979299545 8.04487800598 5.31916046143
4.5286450386 8.07057094574 5.32150840759
4.49871826172 8.09480285645 5.32308149338
4.44584798813 8.14419269562 5.31942796707
4.39597320557 8.18985748291 5.30631160736
4.35147666931 8.23165607452 5.28694105148
4.31199407578 8.26733493805 5.26061534882
4.2756023407 8.29943370819 5.2284412384
4.25390100479 8.32196617126 5.18726730347
4.23482894897 8.3378868103 5.14000701904
4.22191238403 8.35331249237 5.08467388153
4.21542215347 8.36714839935 5.02818965912
4.22142839432 8.37226772308 4.96786832809
4.22761964798 8.37500572205 4.90598726273
4.24094486237 8.37481403351 4.8383564949
4.2604970932 8.37203979492 4.7735710144
4.28276968002 8.36997509003 4.70516109467
4.31136798859 8.36614227295 4.63731384277
4.326836586 8.36214923859 4.60334825516
4.34419441223 8.35699939728 4.56963300705
4.38171672821 8.34298706055 4.50710964203
4.40260839462 8.33497238159 4.47717618942
4.42674541473 8.32269001007 4.44813156128
4.45258903503 8.3133764267 4.41754865646
4.47907161713 8.30362892151 4.3913693428
4.50696611404 8.2923784256 4.36660194397
4.53509616852 8.2835187912 4.34171438217
4.56520843506 8.2731552124 4.32132196426
4.62259817123 8.25036430359 4.28554773331
4.68685293198 8.22204494476 4.25883722305
4.74686527252 8.19490432739 4.23678255081
4.8034081459 8.16943836212 4.22527742386
4.85204982758 8.14973831177 4.22353935242
4.89293909073 8.13154602051 4.22868824005
4.92853164673 8.11408138275 4.23871326447
4.9602689743 8.09796524048 4.25580310822
4.99067020416 8.08116340637 4.27930879593
5.01259422302 8.06237030029 4.30720424652
5.02767133713 8.04654026031 4.33860015869
5.03340816498 8.03449726105 4.3734960556
5.03250646591 8.02401733398 4.41411399841
5.03137350082 8.0121307373 4.45849132538
5.02043008804 8.002368927 4.50980710983
5.00593185425 8.00165653229 4.55822086334
4.9779381752 8.00333404541 4.60995578766
4.94492673874 8.01548862457 4.66410636902
4.90380859375 8.03539848328 4.71897315979
4.87819004059 8.0456905365 4.74580526352
4.84964179993 8.05633544922 4.77146339417
4.81676530838 8.06610298157 4.79654359818
4.78467655182 8.07288360596 4.8206782341
4.7478761673 8.08360290527 4.84422111511
4.7096786499 8.09694766998 4.86600446701
4.67207860947 8.11029434204 4.88691473007
4.63448476791 8.12462902069 4.90739393234
4.59779834747 8.13717937469 4.92777299881
4.56062507629 8.15257644653 4.94620656967
4.5242099762 8.16874980927 4.96439266205
4.4558467865 8.19379711151 4.99120807648
4.41781139374 8.204246521 5.0042514801
4.38209152222 8.21202659607 5.01491117477
4.31560611725 8.22975921631 5.03066778183
4.25600004196 8.2466583252 5.03986310959
4.20206785202 8.26059818268 5.04132032394
4.15113258362 8.26906776428 5.03899049759
4.1061630249 8.27202129364 5.02948665619
4.06764316559 8.27173995972 5.01067066193
4.0420999527 8.27029895782 4.98241949081
4.02526950836 8.24987220764 4.93928384781
4.01749134064 8.23004436493 4.91282320023
